0.215822 -1.395942 -1.976109
0.648518 -0.493053 -2.101929
0.021386 -1.104575 -0.392775
0.612734  0.017669 -1.275687
-0.023032 0.497930 0.553834
-0.545771 -0.791805 -0.137071
0.368900 -0.501168 -1.499973
0.811068 0.868201 -0.915638
-0.197742 0.733391 0.535135
0.292150 -0.096951 -0.670833
0.198550 -0.733191 -0.535315
-0.292167 0.096668 0.669977
-0.267116 -0.514444 -0.016195
-0.086700 0.832624 -0.707713
0.152308 0.209798 -1.642870
-0.507785 0.971639 -1.334463
-0.225176 -1.125484 1.679108
-0.745788 -0.236124 1.698787
0.389293 -0.593958 -1.171620
0.482635 0.460154 -1.274330
0.351476 -0.583399 -1.087618
-0.236574 0.284594 -1.214376
0.031675 -1.188212 -0.855714
0.614720 -0.367365 -1.171196
0.366945 -0.571979 1.153372
0.528511 0.470432 0.987601
0.716581 0.974740 -2.095421
-0.286610 1.169765 -1.955403
-0.714519 -0.980517 -2.093449
0.288873 -1.173786 -1.953108
-0.044046 -0.435131 0.961832
-0.716584 0.431777 -0.123555
0.507911 0.944762 -0.477755
0.141907 -0.429176 0.179205
1.218641 1.039858 1.580534
0.354946 0.498817 1.730917
0.252614 -0.970710 0.580587
0.578912 0.020318 0.775333
-0.480887 -0.872031 1.486194
0.183662 -0.077778 1.617986
-0.068743 0.743024 1.502063
0.281529 -0.248255 1.532543
0.067841 0.743272 -1.501966
-0.281662 -0.248370 -1.532620
-0.326565 -1.055203 -1.302246
-0.726202 -0.100699 -1.107864
-0.443466 0.679598 -1.810736
0.233912 1.299567 -1.320017
-0.089276 -1.178894 0.884360
-0.520050 -0.285140 1.241948
-0.649232 0.815389 0.868538
0.310911 1.224349 -0.253330
0.368276 -1.216316 0.031810
0.745613 -0.375396 -0.481231
0.582202 -0.000099 1.401460
0.554374 0.920185 0.885404
-0.950705 0.036741 -1.802872
-0.188085 0.711165 -1.571980
-0.524698 1.115568 -0.059572
0.052796 0.567268 -0.738731
-1.184859 0.746859 -1.985495
-0.199870 1.052550 -1.929630
-1.055964 -0.133285 -2.080942
-0.238089 -0.762726 -1.950302
0.513609 -0.019296 1.604505
-0.163138 -0.805141 1.468214
0.174015 0.050654 1.409487
0.365911 -0.808684 0.849463
1.266332 0.655279 -1.812780
1.090911 -0.364411 -1.722705
1.155333 0.671242 -2.051727
0.130890 0.811220 -2.034985
0.187321 -0.289702 -2.429741
-0.729167 -0.712291 -2.333889
1.811696 -0.909128 -1.558374
1.549870 -1.766930 -1.091947
0.049568 -1.204295 -0.640858
0.477607 -0.454428 -1.252616
-0.100434 0.494579 0.478292
0.283068 -0.227174 -0.830522
-0.233376 -0.290802 -1.335550
-0.468445 0.596061 -0.819921
-0.571925 -1.714848 -0.320915
-0.089628 -1.562137 0.569244
0.210476 0.473872 -1.199493
0.333909 -0.530306 -0.906566
-0.294595 0.030601 -1.545342
-0.603474 -0.852138 -1.054500
0.509286 1.291147 -1.186643
-0.068578 0.516255 -1.563738
0.152051 -0.606468 1.342698
0.705664 0.293853 1.383772
0.032694 1.110411 -0.992062
-0.475923 0.216501 -1.227514
1.253788 -0.282899 1.485982
0.927291 0.662111 1.205639
-0.408715 -0.882592 -1.604376
-0.963405 -0.007173 -1.434608
-1.167206 -0.949497 1.411001
-1.594948 -0.035337 1.178499
1.682258 0.229135 -1.896324
0.676587 0.403511 -1.786942
0.689456 -0.804584 0.208081
0.774923 0.203321 -0.153834
-0.311000 0.491154 1.545135
0.094100 -0.450228 1.370367
-0.668639 -2.083355 -1.055963
0.335664 -2.063261 -1.244748
2.336613 1.107967 -1.060053
1.504541 1.625959 -1.320612
2.336534 1.107488 -1.060429
1.504446 1.625357 -1.321252
-0.514203 -0.054328 -1.149003
-0.424182 -1.077985 -0.889716
0.977387 -0.383041 -1.598812
0.690632 0.619358 -1.631052
0.764006 -0.092656 -1.816262
0.077500 -0.753930 -1.421246
0.421556 1.056634 1.361860
-0.180327 1.690201 0.801430
-0.847377 0.178726 1.291131
-0.867860 -0.517891 0.502960
-1.167055 0.265371 0.771557
-0.561807 -0.587292 0.798982
-0.727085 0.890290 -0.302209
-0.112432 0.558076 0.477743
0.646539 -0.526339 1.196031
0.408897 0.483635 1.375173
-0.175520 0.297805 0.177239
0.465793 -0.809136 -0.730467
0.808130 -1.301533 -1.183440
-0.089767 -0.895462 -1.533682
-1.436834 1.884131 -1.084338
-0.599198 1.795213 -1.662820
0.762751 1.106095 0.285340
1.080265 0.393741 -0.424049
0.189681 0.535045 -1.502319
-0.370748 -0.344485 -1.419877
1.832865 -0.600954 -1.899602
2.503123 0.026480 -1.479818
0.367517 -1.030297 0.121373
-0.160782 -0.713376 -0.731011
0.622281 -1.909574 -1.177633
-0.141541 -2.082447 -0.477139
0.673238 -0.713989 -2.183121
-0.337570 -0.736049 -1.956214
0.577225 -0.527834 -0.585946
0.060740 0.901685 -0.401931
0.440814 -0.527069 0.842427
0.895801 0.324403 0.406257
1.243709 2.195644 -0.902822
0.273313 2.255754 -1.176985
-0.632262 -0.056057 -1.170536
-0.342764 0.776798 -0.594326
2.245212 -0.907428 1.584333
1.634337 -1.694583 1.425723
0.196017 -1.042582 -1.745571
0.272097 -0.013242 -1.614977
1.209692 0.806357 1.304897
0.368521 0.272248 1.567489
0.465395 0.264278 -1.652861
-0.273832 -0.455705 -1.460923
-0.901168 -0.403255 0.326981
-0.350693 -0.207427 -0.544661
0.049745 0.028468 0.397386
0.504585 0.408191 -0.469265
0.800962 0.839454 0.080640
0.844406 -0.187217 -0.254823
1.169015 -0.018067 1.522552
1.090025 0.990605 1.408636
0.397815 -1.070850 -0.046596
0.810091 -0.229624 -0.527166
0.577587 0.867118 1.822694
0.023098 0.033147 2.012088
0.574848 0.648347 1.680551
-0.031083 -0.186452 1.635232
0.977303 -1.194946 -2.033760
0.593049 -2.049925 -1.654212
-0.425284 -0.086516 -2.346138
-0.690146 0.840071 -2.016963
0.872483 0.730709 -0.417711
1.073408 -0.012037 0.303236
-0.126381 -1.707503 -1.704743
-0.335212 -0.754424 -2.015976
2.005018 1.862899 -0.275624
1.339653 1.989221 -1.037482
-0.917275 -0.103641 -1.498401
-0.317535 0.753585 -1.378798
1.092017 1.315943 1.072280
0.361110 0.674373 1.400572
-1.023177 0.194738 -2.223611
-0.286233 0.736454 -1.783837
-0.062133 1.547544 1.150058
-0.378447 0.583535 1.363816
0.411589 1.571550 -1.200893
-0.179715 0.832822 -1.619177
-0.881658 -1.062449 -0.940193
-0.224617 -0.351330 -1.354910
1.221033 -1.189206 0.637943
0.551397 -0.520732 1.066987
-2.176494 0.991284 1.653800
-1.572127 1.761791 1.385709
-1.978579 -0.614967 -1.981144
-1.349185 0.100069 -2.319414
2.492692 0.354397 -1.361741
2.088728 1.288115 -1.400500
0.016869 1.799299 1.362467
-0.985110 1.647432 1.322336
-0.892301 2.441786 0.992149
0.007803 2.693026 0.600544
0.949755 -1.690379 -1.728318
-0.054305 -1.732102 -1.865014
-0.055545 0.132928 -1.277149
0.050117 -0.783846 -0.773489
-0.986865 0.532354 -1.946859
-0.168259 -0.021618 -1.701585
1.307386 2.097100 -0.043900
0.824105 2.142788 0.844552
-0.534893 -0.811999 0.125441
-0.123366 -0.090928 -0.514142
-1.827241 1.550853 -1.275887
-1.522577 2.188120 -0.544366
0.195053 -0.261417 1.809612
-0.723228 -0.679706 1.931758
-0.403962 -1.133889 2.093697
0.086299 -0.271937 2.315585
0.916769 1.307032 2.023869
0.143048 0.722300 2.340914
0.978204 -1.597811 -0.823786
1.109594 -0.622694 -1.174249
1.151856 1.420896 0.888485
1.199372 0.414109 1.151003
-0.216856 -0.973248 -0.314385
0.237101 -0.051664 -0.544312
1.002809 1.251652 -1.950882
0.474481 2.026949 -1.566099
0.312177 -2.101849 -0.792449
1.313531 -1.935890 -0.872725
-0.464141 -1.365995 0.517843
-0.081618 -1.545222 -0.423213
-0.478886 0.106834 1.867884
0.475622 0.445462 2.002221
0.136499 0.005274 -0.186884
-0.125794 0.710077 0.547558
0.733907 0.585470 1.481609
0.523934 -0.417132 1.519359
-0.995525 -1.907214 0.885408
-0.280931 -1.482124 1.474260
0.445316 -1.597664 0.535008
-0.093654 -0.926972 1.096144
-0.721926 -2.367705 0.910918
0.094773 -2.520245 0.315942
-0.045762 1.064937 -1.423719
0.474446 0.193485 -1.591566
0.299869 0.242607 -0.234417
-0.090468 0.041070 0.718984
-0.570330 1.923320 0.481704
0.185276 1.350333 0.897384
1.383911 0.433157 1.147695
0.447207 0.038641 1.342912
0.708959 -1.604642 -1.448326
-0.267595 -1.577950 -1.735176
-1.068485 0.343441 1.818767
-1.159050 -0.629930 1.485042
0.756740 1.795138 -1.308503
-0.003650 1.132469 -1.518398
-0.173498 -0.614596 0.678522
0.150660 0.272888 0.185567
1.034509 -0.370132 -1.358659
1.607867 0.252610 -0.757904
-1.690455 2.133043 -0.033013
-0.839684 2.616837 -0.310013
-1.053880 0.978239 -1.109152
-0.175796 0.448744 -1.287993
-0.635729 -0.547183 -1.306557
-0.318274 0.442306 -1.457870
-0.967050 -0.711561 2.149240
-0.061819 -0.282879 2.334458
1.759406 1.478796 0.626517
0.950280 1.165482 1.186826
0.140402 1.043938 -1.105543
0.755624 1.726192 -0.671071
-0.321001 -0.401164 -1.167829
-0.528305 0.546091 -0.773137
2.175265 0.826858 -1.557660
1.380001 1.426534 -1.746730
-1.467502 0.908489 1.559273
-0.460163 0.701845 1.598836
-1.123311 -1.183386 -0.472191
-1.309252 -0.165988 -0.611825
0.072039 -0.557774 2.287028
-0.756011 -0.009108 2.054932
-1.099231 0.058074 1.064948
-0.899202 1.008072 1.380548
2.184896 2.037462 -0.728972
1.247972 2.390235 -0.821246
2.185911 -2.040930 -0.725175
1.248779 -2.393229 -0.817028
1.089337 -0.570609 -1.963920
0.126237 -0.245344 -1.868399
0.704014 -1.263281 -1.557154
-0.007257 -1.829077 -1.052363
-1.279032 -0.604651 0.756807
-1.153195 0.433847 0.680927
1.122610 -0.123890 -1.622887
0.792585 0.862627 -1.537755
1.027495 -1.670870 -0.289706
1.529051 -0.831495 -0.629116
0.616465 2.883863 -1.076551
-0.127361 -0.486436 1.633187
0.161245 0.493086 1.432072
0.994551 -0.374950 0.892142
0.562783 0.510770 1.263327
-1.467624 0.289231 1.814270
-0.521254 -0.070230 1.736522
1.451208 -0.472012 2.001871
0.521594 -0.844890 2.187869
0.028703 -1.791285 1.673058
0.959848 -1.363595 1.611373
-0.568071 0.615201 -1.209562
-0.187392 -0.357233 -1.082296
-0.254433 -0.260208 0.525252
-0.043496 0.695223 0.884571
-0.766155 0.961320 0.159431
-0.032745 0.789250 -0.555632
-1.157768 1.117052 -2.005394
-0.164455 1.197018 -2.213088
1.487656 -0.211516 -1.502220
1.135476 -1.166024 -1.476399
1.432205 1.012492 1.179640
0.868312 0.200049 1.467715
0.822554 -1.344850 -1.471756
0.321878 -2.052995 -0.956154
0.005941 -1.665655 -0.342321
0.538269 -1.258807 -1.114321
1.910247 -1.750691 0.897329
1.144327 -1.727018 1.561866
2.705000 -0.816240 -0.437920
2.073699 -1.403089 -0.964094
1.344177 -1.789907 0.861991
0.573909 -1.290281 1.308258
-0.558995 0.441847 -1.600038
-1.481669 0.864475 -1.514270
0.327834 1.884625 -0.970330
-0.301091 1.408286 -1.602409
1.624635 -0.353770 1.810085
2.283858 0.329367 1.466095
-2.203849 -1.088465 -1.206899
-2.337799 -0.082737 -1.216410
-0.504680 1.201774 -1.466064
-0.029512 0.283547 -1.617906
0.524615 0.770362 -0.847245
0.034020 1.326063 -0.134988
-0.812354 -0.966489 -1.389479
-0.247710 -1.716211 -1.003541
1.038164 2.370534 -0.623288
1.851723 1.963862 -0.173110
0.950682 -1.172600 1.772879
0.017074 -1.445075 1.464959
-0.919138 -0.026371 -2.004190
0.003285 -0.315351 -1.654874
0.207613 -2.288277 -0.553747
1.112277 -1.960701 -0.863176
0.207026 -2.288517 0.553704
1.111469 -1.960904 0.863460
2.037025 -1.814375 0.875059
2.607680 -0.998304 0.689434
-0.014647 -0.668057 2.380487
-1.003566 -0.811984 2.216382
-0.723252 -0.674908 1.259432
-0.263183 -1.583679 1.218944
-1.764410 -2.284790 0.070270
-1.083340 -2.442661 -0.655359
0.053410 -0.216584 -2.238229
-0.930281 0.043422 -2.196359
0.663655 1.485413 1.910473
-0.354386 1.508174 1.849927
0.716692 -0.894711 -2.012028
0.197180 -0.048793 -2.260821
-0.236195 -0.143088 0.550391
-0.069950 0.848952 0.851058
0.768936 -0.878615 -1.645614
-0.014240 -1.384473 -1.194878
-0.140911 2.569881 -1.146466
-0.945140 2.257146 -0.583724
1.142916 -2.137476 -0.514788
0.153025 -2.333491 -0.495852
0.363143 0.289236 -1.729837
1.368774 0.425385 -1.733138
-0.893692 1.123403 -1.572782
-0.202120 1.671007 -1.027468
-0.367760 0.513944 -1.951399
0.380767 -0.158946 -1.767874
0.367579 0.514483 1.952183
-0.381721 -0.157506 1.768646
1.293720 1.101972 -1.014330
1.163958 0.095064 -1.219230
-0.482875 -2.395361 -0.459835
0.225518 -2.131188 -1.142904
0.610357 2.106842 -1.446050
-0.392501 1.992060 -1.566595