0.215822 -1.395942 -1.976109
0.648518 -0.493053 -2.101929
0.021386 -1.104575 -0.392775
0.612734  0.017669 -1.275687
-0.023032 0.497930 0.553834
-0.545771 -0.791805 -0.137071
0.368900 -0.501168 -1.499973
0.811068 0.868201 -0.915638
-0.197742 0.733391 0.535135
0.292150 -0.096951 -0.670833
0.198550 -0.733191 -0.535315
-0.292167 0.096668 0.669977
-0.267116 -0.514444 -0.016195
-0.086700 0.832624 -0.707713
0.152308 0.209798 -1.642870
-0.507785 0.971639 -1.334463
-0.225176 -1.125484 1.679108
-0.745788 -0.236124 1.698787
0.389293 -0.593958 -1.171620
0.482635 0.460154 -1.274330
0.351476 -0.583399 -1.087618
-0.236574 0.284594 -1.214376
0.031675 -1.188212 -0.855714
0.614720 -0.367365 -1.171196
0.366945 -0.571979 1.153372
0.528511 0.470432 0.987601
0.716581 0.974740 -2.095421
-0.286610 1.169765 -1.955403
-0.714519 -0.980517 -2.093449
0.288873 -1.173786 -1.953108
-0.044046 -0.435131 0.961832
-0.716584 0.431777 -0.123555
0.507911 0.944762 -0.477755
0.141907 -0.429176 0.179205
1.218641 1.039858 1.580534
0.354946 0.498817 1.730917
0.252614 -0.970710 0.580587
0.578912 0.020318 0.775333
-0.480887 -0.872031 1.486194
0.183662 -0.077778 1.617986
-0.068743 0.743024 1.502063
0.281529 -0.248255 1.532543
0.067841 0.743272 -1.501966
-0.281662 -0.248370 -1.532620
-0.326565 -1.055203 -1.302246
-0.726202 -0.100699 -1.107864
-0.443466 0.679598 -1.810736
0.233912 1.299567 -1.320017
-0.089276 -1.178894 0.884360
-0.520050 -0.285140 1.241948
-0.649232 0.815389 0.868538
0.310911 1.224349 -0.253330
0.368276 -1.216316 0.031810
0.745613 -0.375396 -0.481231
0.582202 -0.000099 1.401460
0.554374 0.920185 0.885404
-0.950705 0.036741 -1.802872
-0.188085 0.711165 -1.571980
-0.524698 1.115568 -0.059572
0.052796 0.567268 -0.738731
-1.184859 0.746859 -1.985495
-0.199870 1.052550 -1.929630
-1.055964 -0.133285 -2.080942
-0.238089 -0.762726 -1.950302
0.513609 -0.019296 1.604505
-0.163138 -0.805141 1.468214
0.174015 0.050654 1.409487
0.365911 -0.808684 0.849463
1.266332 0.655279 -1.812780
1.090911 -0.364411 -1.722705
1.155333 0.671242 -2.051727
0.130890 0.811220 -2.034985
0.187321 -0.289702 -2.429741
-0.729167 -0.712291 -2.333889
1.811696 -0.909128 -1.558374
1.549870 -1.766930 -1.091947
0.049568 -1.204295 -0.640858
0.477607 -0.454428 -1.252616
-0.100434 0.494579 0.478292
0.283068 -0.227174 -0.830522
-0.233376 -0.290802 -1.335550
-0.468445 0.596061 -0.819921
-0.571925 -1.714848 -0.320915
-0.089628 -1.562137 0.569244
0.210476 0.473872 -1.199493
0.333909 -0.530306 -0.906566
-0.294595 0.030601 -1.545342
-0.603474 -0.852138 -1.054500
0.509286 1.291147 -1.186643
-0.068578 0.516255 -1.563738
0.152051 -0.606468 1.342698
0.705664 0.293853 1.383772
0.032694 1.110411 -0.992062
-0.475923 0.216501 -1.227514
1.253788 -0.282899 1.485982
0.927291 0.662111 1.205639
-0.408715 -0.882592 -1.604376
-0.963405 -0.007173 -1.434608
-1.167206 -0.949497 1.411001
-1.594948 -0.035337 1.178499
1.682258 0.229135 -1.896324
0.676587 0.403511 -1.786942
0.689456 -0.804584 0.208081
0.774923 0.203321 -0.153834
-0.311000 0.491154 1.545135
0.094100 -0.450228 1.370367
-0.668639 -2.083355 -1.055963
0.335664 -2.063261 -1.244748
2.336613 1.107967 -1.060053
1.504541 1.625959 -1.320612
2.336534 1.107488 -1.060429
1.504446 1.625357 -1.321252
-0.514203 -0.054328 -1.149003
-0.424182 -1.077985 -0.889716
0.977387 -0.383041 -1.598812
0.690632 0.619358 -1.631052
0.764006 -0.092656 -1.816262
0.077500 -0.753930 -1.421246
0.421556 1.056634 1.361860
-0.180327 1.690201 0.801430
-0.847377 0.178726 1.291131
-0.867860 -0.517891 0.502960
-1.167055 0.265371 0.771557
-0.561807 -0.587292 0.798982
-0.727085 0.890290 -0.302209
-0.112432 0.558076 0.477743
0.646539 -0.526339 1.196031
0.408897 0.483635 1.375173
-0.175520 0.297805 0.177239
0.465793 -0.809136 -0.730467
0.808130 -1.301533 -1.183440
-0.089767 -0.895462 -1.533682
-1.436834 1.884131 -1.084338
-0.599198 1.795213 -1.662820
0.762751 1.106095 0.285340
1.080265 0.393741 -0.424049
0.189681 0.535045 -1.502319
-0.370748 -0.344485 -1.419877
1.832865 -0.600954 -1.899602
2.503123 0.026480 -1.479818
0.367517 -1.030297 0.121373
-0.160782 -0.713376 -0.731011
0.622281 -1.909574 -1.177633
-0.141541 -2.082447 -0.477139
0.673238 -0.713989 -2.183121
-0.337570 -0.736049 -1.956214
0.577225 -0.527834 -0.585946
0.060740 0.901685 -0.401931
0.440814 -0.527069 0.842427
0.895801 0.324403 0.406257
1.243709 2.195644 -0.902822
0.273313 2.255754 -1.176985
-0.632262 -0.056057 -1.170536
-0.342764 0.776798 -0.594326
2.245212 -0.907428 1.584333
1.634337 -1.694583 1.425723
0.196017 -1.042582 -1.745571
0.272097 -0.013242 -1.614977
1.209692 0.806357 1.304897
0.368521 0.272248 1.567489
0.465395 0.264278 -1.652861
-0.273832 -0.455705 -1.460923
-0.901168 -0.403255 0.326981
-0.350693 -0.207427 -0.544661
0.049745 0.028468 0.397386
0.504585 0.408191 -0.469265
0.800962 0.839454 0.080640
0.844406 -0.187217 -0.254823
1.169015 -0.018067 1.522552
1.090025 0.990605 1.408636
0.397815 -1.070850 -0.046596
0.810091 -0.229624 -0.527166
0.577587 0.867118 1.822694
0.023098 0.033147 2.012088
0.574848 0.648347 1.680551
-0.031083 -0.186452 1.635232
0.977303 -1.194946 -2.033760
0.593049 -2.049925 -1.654212
-0.425284 -0.086516 -2.346138
-0.690146 0.840071 -2.016963
0.872483 0.730709 -0.417711
1.073408 -0.012037 0.303236
-0.126381 -1.707503 -1.704743
-0.335212 -0.754424 -2.015976
2.005018 1.862899 -0.275624
1.339653 1.989221 -1.037482
-0.917275 -0.103641 -1.498401
-0.317535 0.753585 -1.378798
1.092017 1.315943 1.072280
0.361110 0.674373 1.400572
-1.023177 0.194738 -2.223611
-0.286233 0.736454 -1.783837
-0.062133 1.547544 1.150058
-0.378447 0.583535 1.363816
0.411589 1.571550 -1.200893
-0.179715 0.832822 -1.619177
-0.881658 -1.062449 -0.940193
-0.224617 -0.351330 -1.354910
1.221033 -1.189206 0.637943
0.551397 -0.520732 1.066987
-2.176494 0.991284 1.653800
-1.572127 1.761791 1.385709
-1.978579 -0.614967 -1.981144
-1.349185 0.100069 -2.319414
2.492692 0.354397 -1.361741
2.088728 1.288115 -1.400500
0.016869 1.799299 1.362467
-0.985110 1.647432 1.322336
-0.892301 2.441786 0.992149
0.007803 2.693026 0.600544
0.949755 -1.690379 -1.728318
-0.054305 -1.732102 -1.865014
-0.055545 0.132928 -1.277149
0.050117 -0.783846 -0.773489
-0.986865 0.532354 -1.946859
-0.168259 -0.021618 -1.701585
1.307386 2.097100 -0.043900
0.824105 2.142788 0.844552
-0.534893 -0.811999 0.125441
-0.123366 -0.090928 -0.514142
-1.827241 1.550853 -1.275887
-1.522577 2.188120 -0.544366
0.195053 -0.261417 1.809612
-0.723228 -0.679706 1.931758
-0.403962 -1.133889 2.093697
0.086299 -0.271937 2.315585
0.916769 1.307032 2.023869
0.143048 0.722300 2.340914
0.978204 -1.597811 -0.823786
1.109594 -0.622694 -1.174249
1.151856 1.420896 0.888485
1.199372 0.414109 1.151003
-0.216856 -0.973248 -0.314385
0.237101 -0.051664 -0.544312
1.002809 1.251652 -1.950882
0.474481 2.026949 -1.566099
0.312177 -2.101849 -0.792449
1.313531 -1.935890 -0.872725
-0.464141 -1.365995 0.517843
-0.081618 -1.545222 -0.423213
-0.478886 0.106834 1.867884
0.475622 0.445462 2.002221
0.136499 0.005274 -0.186884
-0.125794 0.710077 0.547558
0.733907 0.585470 1.481609
0.523934 -0.417132 1.519359
-0.995525 -1.907214 0.885408
-0.280931 -1.482124 1.474260
0.445316 -1.597664 0.535008
-0.093654 -0.926972 1.096144
-0.721926 -2.367705 0.910918
0.094773 -2.520245 0.315942
-0.045762 1.064937 -1.423719
0.474446 0.193485 -1.591566
0.299869 0.242607 -0.234417
-0.090468 0.041070 0.718984
-0.570330 1.923320 0.481704
0.185276 1.350333 0.897384
1.383911 0.433157 1.147695
0.447207 0.038641 1.342912
0.708959 -1.604642 -1.448326
-0.267595 -1.577950 -1.735176
-1.068485 0.343441 1.818767
-1.159050 -0.629930 1.485042
0.756740 1.795138 -1.308503
-0.003650 1.132469 -1.518398
-0.173498 -0.614596 0.678522
0.150660 0.272888 0.185567
1.034509 -0.370132 -1.358659
1.607867 0.252610 -0.757904
-1.690455 2.133043 -0.033013
-0.839684 2.616837 -0.310013
-1.053880 0.978239 -1.109152
-0.175796 0.448744 -1.287993
-0.635729 -0.547183 -1.306557
-0.318274 0.442306 -1.457870
-0.967050 -0.711561 2.149240
-0.061819 -0.282879 2.334458
1.759406 1.478796 0.626517
0.950280 1.165482 1.186826
0.140402 1.043938 -1.105543
0.755624 1.726192 -0.671071
-0.321001 -0.401164 -1.167829
-0.528305 0.546091 -0.773137
2.175265 0.826858 -1.557660
1.380001 1.426534 -1.746730
-1.467502 0.908489 1.559273
-0.460163 0.701845 1.598836
-1.123311 -1.183386 -0.472191
-1.309252 -0.165988 -0.611825
0.072039 -0.557774 2.287028
-0.756011 -0.009108 2.054932
-1.099231 0.058074 1.064948
-0.899202 1.008072 1.380548
2.184896 2.037462 -0.728972
1.247972 2.390235 -0.821246
2.185911 -2.040930 -0.725175
1.248779 -2.393229 -0.817028
1.089337 -0.570609 -1.963920
0.126237 -0.245344 -1.868399
0.704014 -1.263281 -1.557154
-0.007257 -1.829077 -1.052363
-1.279032 -0.604651 0.756807
-1.153195 0.433847 0.680927
1.122610 -0.123890 -1.622887
0.792585 0.862627 -1.537755
1.027495 -1.670870 -0.289706
1.529051 -0.831495 -0.629116
0.616465 2.883863 -1.076551
-0.127361 -0.486436 1.633187
0.161245 0.493086 1.432072
0.994551 -0.374950 0.892142
0.562783 0.510770 1.263327
-1.467624 0.289231 1.814270
-0.521254 -0.070230 1.736522
1.451208 -0.472012 2.001871
0.521594 -0.844890 2.187869
0.028703 -1.791285 1.673058
0.959848 -1.363595 1.611373
-0.568071 0.615201 -1.209562
-0.187392 -0.357233 -1.082296
-0.254433 -0.260208 0.525252
-0.043496 0.695223 0.884571
-0.766155 0.961320 0.159431
-0.032745 0.789250 -0.555632
-1.157768 1.117052 -2.005394
-0.164455 1.197018 -2.213088
1.487656 -0.211516 -1.502220
1.135476 -1.166024 -1.476399
1.432205 1.012492 1.179640
0.868312 0.200049 1.467715
0.822554 -1.344850 -1.471756
0.321878 -2.052995 -0.956154
0.005941 -1.665655 -0.342321
0.538269 -1.258807 -1.114321
1.910247 -1.750691 0.897329
1.144327 -1.727018 1.561866
2.705000 -0.816240 -0.437920
2.073699 -1.403089 -0.964094
1.344177 -1.789907 0.861991
0.573909 -1.290281 1.308258
-0.558995 0.441847 -1.600038
-1.481669 0.864475 -1.514270
0.327834 1.884625 -0.970330
-0.301091 1.408286 -1.602409
1.624635 -0.353770 1.810085
2.283858 0.329367 1.466095
-2.203849 -1.088465 -1.206899
-2.337799 -0.082737 -1.216410
-0.504680 1.201774 -1.466064
-0.029512 0.283547 -1.617906
0.524615 0.770362 -0.847245
0.034020 1.326063 -0.134988
-0.812354 -0.966489 -1.389479
-0.247710 -1.716211 -1.003541
1.038164 2.370534 -0.623288
1.851723 1.963862 -0.173110
0.950682 -1.172600 1.772879
0.017074 -1.445075 1.464959
-0.919138 -0.026371 -2.004190
0.003285 -0.315351 -1.654874
0.207613 -2.288277 -0.553747
1.112277 -1.960701 -0.863176
0.207026 -2.288517 0.553704
1.111469 -1.960904 0.863460
2.037025 -1.814375 0.875059
2.607680 -0.998304 0.689434
-0.014647 -0.668057 2.380487
-1.003566 -0.811984 2.216382
-0.723252 -0.674908 1.259432
-0.263183 -1.583679 1.218944
-1.764410 -2.284790 0.070270
-1.083340 -2.442661 -0.655359
0.053410 -0.216584 -2.238229
-0.930281 0.043422 -2.196359
0.663655 1.485413 1.910473
-0.354386 1.508174 1.849927
0.716692 -0.894711 -2.012028
0.197180 -0.048793 -2.260821
-0.236195 -0.143088 0.550391
-0.069950 0.848952 0.851058
0.768936 -0.878615 -1.645614
-0.014240 -1.384473 -1.194878
-0.140911 2.569881 -1.146466
-0.945140 2.257146 -0.583724
1.142916 -2.137476 -0.514788
0.153025 -2.333491 -0.495852
0.363143 0.289236 -1.729837
1.368774 0.425385 -1.733138
-0.893692 1.123403 -1.572782
-0.202120 1.671007 -1.027468
-0.367760 0.513944 -1.951399
0.380767 -0.158946 -1.767874
0.367579 0.514483 1.952183
-0.381721 -0.157506 1.768646
1.293720 1.101972 -1.014330
1.163958 0.095064 -1.219230
-0.482875 -2.395361 -0.459835
0.225518 -2.131188 -1.142904
0.610357 2.106842 -1.446050
-0.392501 1.992060 -1.566595
1.421510 -0.209063 1.534345
0.955045 0.666255 1.769543
-0.332996 -1.719253 0.436701
0.118588 -1.069854 1.128217
0.411613 1.035725 1.222048
-0.039353 0.117648 1.377267
2.442039 -1.744283 -0.251088
1.608844 -2.304479 -0.241875
0.864217 -0.751945 -0.993025
0.811758 -1.721529 -0.700069
-1.217142 -1.932105 1.340038
-0.247671 -1.902628 1.612592
0.657118 -1.330936 -1.217426
-0.039690 -1.663296 -0.539615
1.416476 2.643257 -0.630302
0.406807 2.728109 -0.681682
0.947525 -0.773782 -2.221752
1.813926 -0.873498 -1.708178
-0.566769 -2.008674 -1.011797
0.264816 -2.211717 -0.461745
0.970216 -0.974556 -0.105126
0.354827 -0.369353 -0.694869
0.922403 -1.234292 0.731152
0.344246 -0.644649 1.387603
-1.124886 1.119952 -0.007079
-0.389663 0.672956 0.566099
0.837447 -0.657379 1.646815
1.437569 0.149089 1.365107
1.112812 -1.867515 0.680908
0.421020 -1.844733 -0.086497
0.383070 -0.737675 -2.100217
-0.465915 -0.242622 -1.827978
0.406630 -0.548941 -0.004025
0.317355 0.246381 0.705673
0.466199 0.231680 -0.200688
0.061954 -0.354398 0.560413
0.799789 -1.708919 -1.291881
0.181839 -1.024144 -1.723945
-0.858069 -1.204266 0.205260
-0.242485 -0.891148 -0.562270
0.652642 0.704321 -1.889775
1.544797 1.134602 -1.677440
-1.774717 -0.681556 1.615026
-0.912629 -0.192383 1.864127
-0.867791 -0.954066 -1.565559
-0.670576 0.024361 -1.282069
2.600818 -0.816022 -1.341672
2.552015 -1.644748 -0.769068
1.284259 1.086848 -1.880732
0.367901 1.400864 -1.560812
-0.403824 0.542554 -0.656031
-0.161871 -0.427051 -0.932131
-0.489899 -1.409654 -1.306501
0.230655 -1.669065 -0.612904
-2.414140 -1.208953 1.324107
-1.457628 -1.450562 1.540708
0.741015 -0.561428 -0.733517
0.192126 0.300072 -1.021342
1.118186 -2.027815 0.676309
0.629730 -2.274366 -0.174552
0.593713 -1.511489 1.337892
1.581270 -1.466209 1.097383
-0.036206 1.139975 1.919112
-0.904400 1.455638 1.486592
-0.113734 0.546275 -1.649592
0.298193 -0.366496 -1.416418
0.537382 0.663244 0.725812
0.158779 0.854227 -0.232821
2.261977 -0.736937 1.524732
1.327752 -0.589240 1.888068
-1.668375 2.129367 -1.015039
-1.034543 2.470153 -0.305834
-0.783233 -1.176230 -1.359842
-0.073206 -1.711652 -0.870028
0.806328 -0.191142 -1.910067
0.114644 0.511497 -1.634401
0.071562 -0.431625 0.895511
-0.033863 0.624612 0.954795
-0.459344 0.470956 1.656233
-1.467106 0.355788 1.619824
-0.580936 1.900263 -1.432500
0.048710 2.265835 -0.693820
-1.871778 0.657531 1.463898
-1.232807 1.430350 1.338856
0.158553 1.094330 -0.754760
0.379896 0.103979 -0.976953
-0.867534 1.791653 1.702540
-0.107053 2.403694 1.440349
0.749118 -1.610756 0.117502
1.151814 -0.898762 -0.527829
-1.057193 -0.355806 2.124138
-0.238293 0.247186 2.015923
0.956500 1.330360 -1.895687
-0.051014 1.434506 -1.988275
0.031736 -0.526683 -0.685041
-0.184267 0.389357 -1.140806
1.395798 0.715928 -1.678416
0.442893 0.323070 -1.688005
0.645576 -0.731341 -0.615500
0.256101 0.167609 -0.940520
-2.986535 -0.400412 0.612508
-2.884269 -1.077214 -0.133470
0.440812 1.009047 2.304518
-0.133437 0.183593 2.434331
-1.771147 1.921997 0.888024
-0.970461 2.362919 0.465850
1.696064 -1.406131 -1.367518
0.910841 -1.650436 -0.763709
1.339417 -1.319853 -1.588088
2.223482 -0.921878 -1.301858
-1.436861 1.771164 0.417565
-0.867385 1.584400 1.229264
0.776335 -0.392513 -2.014908
-0.211733 -0.145286 -2.044879
1.152409 -0.203444 0.092793
0.639175 0.569469 0.585022
0.361026 -0.212628 -1.723194
1.195863 -0.788929 -1.740447
-0.142836 -0.467482 -1.535515
-0.183118 0.469490 -1.090067
0.088337 0.285125 -1.232535
0.346935 1.260013 -0.952157
-1.076690 2.121604 -0.615954
-0.553115 1.721127 -1.401938
0.364063 1.630122 0.163115
-0.168334 1.087879 0.864997
-0.337311 -1.427195 -0.381521
0.373221 -1.383031 0.361802
1.314345 -0.619077 0.558483
0.572766 -0.439679 -0.133953
0.709145 1.259333 -1.897150
0.202615 1.874762 -1.230853
2.716218 -0.276463 -0.530145
2.451719 -0.962295 0.168168
-0.735115 1.086098 -1.502536
-0.197857 1.595877 -0.767193
1.064784 1.639361 -1.573762
0.582832 0.873166 -2.036608
-0.935423 -2.203036 1.451195
-0.051974 -2.453804 1.046698
0.050921 0.639561 0.467580
0.679459 -0.541475 -0.414858
1.082470 0.849961 1.992051
0.204997 0.380353 2.201910
-0.934318 -0.847963 2.106939
0.028501 -1.079970 1.845062
1.725327 -0.448627 -1.984619
1.946885 0.508760 -1.757506
-1.361746 2.024956 0.450153
-0.744391 2.163459 -0.350035
-0.375679 -0.769189 1.548795
0.332335 -0.019144 1.567656
-1.481414 0.476675 1.707225
-0.971172 1.323171 1.512480
0.605316 -1.241589 1.103784
0.049945 -0.424738 1.405866
-1.220265 -0.861916 1.103874
-0.786972 -1.660589 0.635359
1.157145 1.051305 -1.618193
0.679234 1.809429 -1.135181
0.187366 -0.390674 -1.202918
-0.084507 -1.308082 -0.819657
0.377409 1.287284 1.155949
-0.125633 0.409893 1.369756
-0.208588 0.496887 -2.212577
-0.015573 -0.507169 -2.282919
1.401477 0.829501 0.547564
0.912364 1.236553 -0.263576
-0.016475 -0.828302 -1.386585
-0.953426 -0.402427 -1.284964
0.150479 0.728322 -1.227269
0.717067 1.502860 -0.896144
0.219596 -2.723603 -0.109834
-0.759654 -2.490586 0.001659
-1.655865 -0.596157 -1.587589
-0.923319 -1.237025 -1.263169
-2.105857 0.392667 -1.757612
-1.112594 0.194023 -1.653478
1.046312 -2.186887 -0.639021
0.263056 -2.031219 0.002172
-1.278542 -0.156873 1.434041
-1.153190 -1.043614 0.886322
2.447838 0.024057 0.811367
2.577656 -0.832461 0.282617
-2.022123 -1.592034 -0.862972
-1.463744 -2.134437 -0.219540
0.246919 0.916173 -0.782735
-0.013606 0.163499 -1.442029
0.200025 -1.105534 -0.943415
-0.099946 -0.137981 -1.184040
-0.467991 -1.753061 -0.239446
-1.010766 -1.060555 -0.787799
0.870963 0.927502 -1.791212
0.241741 1.416152 -1.121940
0.388363 -0.650270 -0.402295
-0.327783 -0.513529 0.361575
1.019020 -1.646102 -0.605417
0.370667 -1.010498 -1.088833
1.642573 -0.593473 -1.540709
1.273769 0.272861 -1.920202
-2.743406 0.477255 1.087718
-2.779024 1.266823 0.457681
-0.507288 -0.817751 -1.740772
-1.211672 -1.378645 -1.287556
0.307758 0.036685 -1.847635
-0.321693 0.840347 -1.743821
-1.564959 0.867410 -1.521751
-0.671412 0.391340 -1.721776
0.676532 1.805321 -1.326530
-0.131487 1.245783 -1.649307
-1.977935 -1.332157 -0.906811
-1.254216 -2.043802 -0.837247
3.264702 -0.455678 -0.505104
3.123607 0.544778 -0.437325
-1.295817 -0.459800 1.776389
-1.320244 0.552983 1.699747
-2.629016 -0.709283 0.994216
-3.040995 -0.033313 0.360027
-1.169541 -1.308213 -1.644690
-0.617620 -0.538734 -2.038880
0.454936 0.415399 -1.826241
-0.209073 1.096860 -1.432709
0.443403 -0.921362 1.488494
1.030034 -0.060612 1.470917
1.830865 -2.444733 -1.253071
1.187091 -2.753495 -0.548700
-1.162010 0.540943 0.981689
-0.798453 -0.299420 1.432837
-0.490023 1.787929 0.237393
0.408049 1.408770 0.602489
-1.309355 -0.432132 0.711712
-0.335108 -0.241225 0.966319
1.390878 0.473471 -1.430533
0.815783 -0.369384 -1.401756
-1.683107 2.126255 0.156511
-0.773884 2.356097 -0.220026
-0.378154 0.430205 1.336894
-0.132965 -0.520673 1.654960
0.392884 -0.414724 -1.712755
1.178470 -1.041716 -1.559652
1.446399 1.300662 -0.479506
1.091109 0.988878 -1.381613
-1.106766 1.368622 0.216342
-0.247424 0.997387 0.675404
-2.105163 0.608044 -1.212825
-1.097609 0.748254 -1.316106
0.691820 -0.382043 2.274879
-0.231491 0.036663 2.088814
0.807941 -2.072634 -0.540367
0.187381 -2.060585 0.264482
1.661848 -0.783905 -1.716786
0.987450 -0.086472 -2.013364
-1.162418 1.688301 1.651457
-1.948542 1.057827 1.564914
-0.848656 -1.623601 -0.967328
0.081040 -1.299938 -1.243612
0.553727 -0.279087 -1.803584
-0.349752 -0.722146 -1.640761
0.028149 -0.507349 0.089293
0.331324 0.187991 -0.700967
-0.588642 1.242039 0.499139
0.014268 0.905953 -0.261098
-1.586660 2.053203 0.236933
-0.627474 1.722928 0.289583
3.221658 1.096325 0.124138
2.626982 1.774268 -0.325675
-0.006373 -0.065353 -0.605744
-0.193734 -1.063837 0.542841
0.179487 -1.340703 -0.134385
-0.287608 -0.840414 0.655481
0.268774 0.884190 -0.773772
-0.003127 -0.082368 -1.047616
-0.556833 -1.039792 1.804972
-0.234307 -0.053410 1.729168
0.551164 -1.708874 0.269277
-0.116598 -1.411172 -0.469348
-1.583182 0.625716 1.582939
-2.262977 -0.016194 1.202173
-0.382549 -1.560628 -1.016638
-0.876522 -1.593949 -0.123979
0.899823 -0.997945 -1.640709
0.248754 -1.661635 -1.219118
0.396259 -0.998504 1.632052
1.117215 -1.508030 1.144721
-1.063853 -1.264711 1.228393
-0.427524 -1.784493 0.625042
-1.566734 0.295413 -1.540841
-0.824491 -0.387439 -1.370175
-2.822586 0.175280 -1.327278
-2.526312 1.098987 -1.044962
0.539313 -1.518266 -0.468081
1.268649 -1.273178 0.236215
-1.236287 -1.016492 1.438330
-0.810991 -0.234638 1.936938
-1.433718 -0.574188 1.302637
-0.646580 0.045446 1.542177
-2.143635 0.253660 1.836070
-1.201757 0.540511 2.067596
0.807393 -1.335576 1.441052
0.017317 -1.724438 0.895820
0.399469 -2.092737 0.317440
-0.260236 -1.598199 0.952652
-2.059114 -1.532178 1.225495
-1.346906 -2.039431 0.713686
0.252503 0.691350 -0.506586
0.687363 1.187126 0.267003
-1.558950 0.708115 -1.761717
-0.729656 0.106232 -1.834165
0.215803 -1.491809 -1.401358
1.082212 -1.710433 -0.929113
-0.569481 1.204443 -1.613931
-0.036308 0.320159 -1.611708
0.629646 -1.309556 -1.080643
1.092806 -1.617620 -0.205255
-2.936658 1.255449 -1.026344
-2.252560 1.922662 -0.710921
-0.740044 -0.469611 0.648151
-0.103442 0.224334 1.081492
0.759069 0.312339 -2.526527
0.574963 1.236905 -2.167535
-0.911880 -1.628257 -0.203659
-0.496893 -1.497121 -1.129567
2.089505 -1.760333 0.532207
1.390645 -1.841416 1.262418
-1.070277 1.250827 -1.856224
-1.675978 0.442420 -1.843483
0.848006 1.247412 -1.603562
0.499774 0.371846 -1.977770
1.549224 -0.171382 -1.635808
0.914459 0.647010 -1.647157
0.899298 0.547908 -1.465081
0.290774 1.217492 -0.939285
0.126650 1.390553 -1.486179
-0.456787 2.098882 -1.057768
0.294998 -0.500129 -1.655092
-0.384323 -1.200551 -1.369045
1.143143 0.720961 1.340429
0.576509 1.442083 0.880264
-0.972075 0.400617 -0.479635
-0.488843 -0.353620 -1.002850
0.654474 2.363266 0.944052
-0.358879 2.330682 0.999495
-0.485669 -2.386300 -0.968396
-1.400169 -2.194587 -0.555285
0.670583 -0.174708 -2.003698
0.627721 0.741733 -1.528936
0.596810 1.651523 0.239324
0.107125 1.370251 1.094622
0.663661 -0.144574 -0.503003
0.643448 0.896718 -0.410850
0.441335 0.604808 1.195601
0.242414 -0.328922 1.582593
-1.707423 1.894499 0.736287
-1.217809 2.279744 -0.055490
0.707529 -2.163529 -1.330391
0.378811 -2.742338 -0.578626
1.111616 0.308680 0.099776
0.221103 -0.041040 0.473543
-0.000100 -0.770754 -0.736155
0.118388 0.199510 -1.116671
-1.144359 -0.444499 2.251619
-0.139236 -0.591335 2.263531
0.115802 -0.325837 0.915372
0.103500 0.726906 0.841542
-0.442614 -1.376603 2.035278
-1.320247 -1.109512 1.593262
-0.031410 0.720939 -0.052712
-0.318427 -0.297868 -0.218215
1.202994 -0.640371 -1.840841
0.834562 0.280344 -2.062281
-0.159811 -0.592868 -0.891717
-0.082803 0.422259 -1.174132
-0.497155 -1.898547 -0.434909
-0.984865 -1.114722 -0.879505
0.003070 -0.516026 0.899175
-0.495094 0.118294 0.229182
-0.980116 1.585948 -1.737897
-0.059632 1.352505 -2.116279
-0.428254 0.197201 -2.211496
0.540566 0.009146 -1.917178
1.230065 0.134265 -1.225148
0.795299 -0.749982 -0.899272
0.233897 0.110088 -1.148356
-0.152458 0.950696 -0.584070
-0.158993 0.774831 0.982546
0.054773 -0.067647 1.536507
-1.104961 1.161520 -0.411042
-0.376086 0.773643 -1.031575
-0.901330 0.378725 0.810698
-0.497940 -0.402591 1.344969
-1.876460 -0.373121 -1.393675
-1.308822 0.374908 -1.775886
-1.160395 -0.370486 -1.819475
-0.525224 0.451109 -1.871781
-1.474100 0.435995 0.866047
-0.999053 1.274848 0.522135
-1.307218 0.077918 1.068544
-0.770193 -0.791178 0.957497
0.634238 -0.725759 -2.208810
-0.317664 -0.892485 -1.871014
-1.157138 1.129776 1.604550
-0.888019 1.967615 1.096968
1.253574 -0.847295 -1.917272
1.670934 0.068998 -1.839907
-1.252078 1.256708 -1.444715
-0.871608 2.062318 -0.958424
0.772652 0.000825 -0.614566
0.294551 -0.739273 -0.048600
-2.055479 0.777452 1.562889
-1.187138 0.410056 1.933609
1.551313 0.158677 -1.689748
0.685019 -0.352192 -1.560579
1.421946 1.465280 -1.693444
0.798316 1.891978 -1.003640
1.119994 0.416534 1.008331
1.172457 0.944458 0.104421
0.548072 -0.176789 -1.597176
0.017451 0.614383 -1.174537
-0.181134 0.625005 -1.757684
-0.172371 -0.337586 -1.389422
-0.551080 -1.422994 2.285319
-0.210450 -0.484247 2.45727
-0.336327 -1.193221 0.196062
0.016671 -0.391075 -0.347317
-1.002835 -0.071293 0.895623
-0.581151 0.856139 0.700758
1.484421 2.262695 -0.310913
0.799673 2.443048 0.406828
0.139070 0.879138 -1.713301
0.889160 1.455935 -1.357329
-0.402801 -0.493669 1.451154
0.013584 -1.417816 1.510625
0.313600 -2.287957 0.661984
-0.253780 -1.868223 1.382211
0.403178 -0.493773 -1.451047
-0.012740 -1.418145 -1.510345
1.477359 0.747014 1.182241
0.697796 0.118987 1.396810
0.115251 -2.269514 1.377485
-0.877505 -2.073561 1.462512
2.567316 -0.486471 -1.573829
2.080409 0.377937 -1.731410
0.098883 1.200160 -0.523370
-0.384537 1.444931 0.339576
-0.858846 1.791104 1.053421
-0.063261 1.850072 0.411157
-0.106244 1.799550 0.920224
0.456571 1.731265 0.042027
0.546871 -1.238512 -0.459927
0.157782 -1.454720 0.468352
-1.154382 -0.129660 -1.857760
-0.519337 0.691204 -1.815035
-0.699778 1.417544 1.373288
-0.237064 2.110887 0.815762
-0.419773 -0.162485 -1.141144
-0.210291 0.706428 -0.564371
1.114655 -0.531887 -1.821491
0.212939 -0.902074 -1.526971
0.500132 -1.438999 -1.646952
-0.211516 -1.968240 -1.137383
0.283678 1.335948 -1.156341
-0.304496 0.484859 -1.181484
0.225008 -0.637482 -1.113007
0.539294 0.325726 -1.395748
0.789652 0.519051 0.814488
0.179580 -0.170268 1.249709
0.055487 -1.804333 0.217070
0.682863 -1.342713 0.892907
-2.237846 0.975478 1.320264
-1.434749 0.682430 1.859957
1.945230 -1.031725 1.590581
1.033636 -0.854801 1.995175
-1.363490 -0.495270 1.948390
-0.351243 -0.608833 1.885567
-1.891322 1.415953 0.841250
-1.505597 1.901269 0.036305
2.137603 0.837095 1.258345
1.478460 0.527958 1.967505
0.088556 0.519000 -1.836427
0.853218 1.161336 -1.691438
-0.999665 -0.268326 1.266206
-1.211624 0.681070 0.860455
0.639599 -2.536649 -1.218996
-0.363865 -2.401086 -1.278691
-0.284253 -2.117976 1.167094
0.580051 -1.655638 1.437464
-1.520008 -0.826111 -1.878003
-0.835639 -0.087732 -1.971171
-1.234181 -0.126678 -2.162896
-1.666979 -1.003712 -1.897383
-1.645962 0.790445 -0.804444
-0.822984 0.255962 -1.105182
-1.934019 0.683051 1.675922
-1.697162 1.565606 1.238344
0.043567 -2.361143 -1.170310
-0.702194 -2.464569 -0.505085
-1.538003 0.958124 -1.343660
-0.949380 1.645034 -0.855414
-0.417316 -1.597216 1.020338
0.099606 -2.048389 0.279800
0.995693 1.057093 -1.698530
1.919922 1.090977 -1.284075
-0.874707 1.241968 -1.134471
-0.902596 0.212297 -1.152082
1.267663 -0.642091 -1.143928
0.358450 -0.194075 -1.361083
1.348262 1.212176 -1.568183
0.546832 1.586191 -1.028093
-0.132647 -0.714630 -1.130673
0.606598 -1.406898 -1.027950
-2.402918 -1.436559 0.867898
-1.973114 -2.129598 0.267703
1.946019 1.731252 -0.937168
2.686936 1.159025 -0.547492
1.603022 -0.581488 2.037576
0.814111 -1.060088 1.631280
-1.556911 -2.087249 1.452992
-0.756996 -2.489076 1.007212
1.455164 1.438426 1.607631
0.858974 2.075517 1.094308
-1.168830 -0.589069 -1.658316
-0.225073 -0.182918 -1.518754
0.667476 2.368826 -1.085238
1.010055 1.652721 -1.714622
-0.568222 1.386005 -1.444720
-0.420048 2.226209 -0.898757
-1.696941 1.395072 1.312631
-1.150579 2.061610 0.775690
0.791088 -0.748327 -0.805256
0.162441 -1.188744 -0.048952
-1.127275 2.565022 -0.634856
-0.388950 2.849217 0.004655
1.511365 -0.284879 -1.984661
1.105938 -1.166333 -1.685529
0.390511 1.250627 -0.843409
-0.075181 0.352907 -1.110218
0.664498 -0.213546 0.972933
0.687791 -1.081248 0.379962
2.539340 -0.730740 1.136520
2.444986 0.285700 1.015895
1.894915 2.295805 0.058692
1.214810 2.371790 0.795330
1.428628 -1.657417 1.754266
0.486645 -1.378233 1.999204
-0.923656 -1.772951 -1.665150
-0.086132 -2.047518 -1.137488
-1.298396 1.183841 -0.502966
-1.603681 0.277761 -0.879289
1.537602 -1.652435 -1.216094
1.052765 -1.129530 -1.936464
-3.235580 -0.749577 0.053585
-3.151304 0.239905 0.237702
-1.770730 -1.251573 -0.107303
-1.930235 -0.400649 0.461330
-0.574863 -1.479149 1.783717
0.023798 -2.166563 1.338969
1.873536 1.758136 0.118331
1.300362 2.059183 -0.665271
-0.953569 2.558078 0.595675
0.025952 2.422197 0.418321
0.515314 0.599043 -1.835327
0.021585 1.462448 -1.631973
-1.153015 -1.349527 -1.094193
-0.680380 -0.494486 -1.439033
-1.095362 -0.892578 1.436340
-1.989283 -1.109060 1.021800
-1.552570 -0.843870 -1.920109
-2.417588 -0.872526 -1.399405
0.479280 -0.354327 1.352942
-0.071009 -1.030307 0.801122
-1.108368 1.472302 1.484439
-0.595293 2.104493 0.864264
1.857167 -1.369121 1.300128
1.298291 -2.057668 0.806310
1.131234 0.652084 -1.285512
1.321811 1.599329 -0.966719
1.165480 -0.485602 0.447566
0.618829 -1.000193 -0.253425
-1.572957 -1.061476 -1.551317
-0.910138 -1.701313 -1.146749
0.025065 1.110602 -1.810417
1.004453 0.847753 -1.762515
-0.157772 -1.980929 0.158612
0.420883 -1.475093 0.840324
-0.933355 0.699878 1.192198
-0.466089 1.481083 0.721143
-0.253593 -1.193796 -1.082262
0.422326 -1.731551 -0.544800
-0.057911 -1.103369 0.529045
0.575053 -1.377137 -0.232388
1.375950 0.938986 -1.666999
0.943412 1.723693 -1.192812
-1.096665 -0.299559 -0.173228
-0.791451 -1.238306 0.118624
-1.447079 -1.177581 -1.340949
-0.583938 -0.644507 -1.501463
3.057914 1.649407 0.145916
2.191988 2.144144 0.275515
1.806080 -0.504833 -1.616247
1.247373 0.232420 -2.041456
-0.738289 1.550749 -0.287960
-0.227649 1.327504 -1.154006
0.048323 0.323509 1.869834
-0.880242 -0.086213 1.913907
-2.557780 -1.755902 -0.163111
-1.852073 -2.105997 -0.780988
0.878529 -0.579274 1.287117
1.582435 -0.827735 0.580581
-0.246287 -1.238974 -0.980738
0.424130 -1.472636 -0.214022
-0.676185 -1.042983 -0.393168
-0.208148 -0.705588 0.450588
1.429402 -0.590599 1.672823
0.689481 0.039278 1.369782
0.672907 -1.037212 -1.092437
-0.091897 -1.371812 -1.670842
0.444325 -1.814564 0.633136
-0.181314 -1.750885 -0.190711
-2.853706 0.563494 0.113762
-2.556713 1.073664 -0.710650
-1.015830 0.842019 -1.401843
-1.799353 1.140848 -0.839693
2.168409 -0.788859 1.710596
1.646549 -1.597572 1.409901
-0.534776 1.263262 0.812829
-0.035577 0.410370 1.131813
-2.158295 -1.615076 -1.522419
-1.330768 -2.133118 -1.278896
-1.203098 1.605651 -0.489824
-0.782823 1.920151 0.374786
-1.177951 2.345863 0.048541
-0.273716 2.450170 -0.386228
-1.370182 2.190666 0.885351
-0.494802 1.942986 1.351543
-0.031107 -1.115406 -2.136929
-1.026856 -0.928029 -2.103369
-0.711745 -1.233831 -1.786497
-0.260732 -0.355952 -2.028281
0.660596 -0.016361 -2.137478
0.033798 -0.754918 -1.765893
1.315397 0.924302 -0.299566
0.740696 0.240339 -0.797991
1.211260 -0.667609 -1.321000
0.392247 -0.528411 -1.916468
-0.561880 0.023499 -1.648598
-0.716788 1.021793 -1.600324
-0.693026 0.674955 1.572328
-1.002472 -0.286461 1.693062
0.372960 0.646982 -0.610187
-0.150047 -0.180899 -0.954581
0.513538 -0.423228 -1.630067
0.581915 0.626971 -1.561767
0.186473 -0.839948 -1.026198
-0.117186 0.136264 -1.227950
0.130748 0.194900 -1.219877
0.391732 1.165374 -1.316323
0.937644 1.875465 -1.691672
-0.073119 1.986990 -1.695963
-0.421993 2.357460 1.334238
0.578282 2.219990 1.267456
-1.979842 1.006659 -1.472276
-1.242443 0.478246 -1.926001
0.578893 -1.616404 -0.863715
0.150109 -1.022258 -1.568924
-1.712064 0.337910 -1.920630
-0.731875 0.570782 -1.751904
-0.900579 0.300898 -1.302435
-0.277158 -0.498868 -1.126840
-0.370510 -2.096471 1.679760
0.436029 -1.544165 1.955127
-0.577720 -0.281857 -0.933861
-0.194699 0.671533 -1.020731
0.870502 2.980061 0.266956
1.480276 2.400254 0.825136
-1.114876 -2.192772 -0.111543
-0.508249 -2.013727 -0.918277
-1.226053 0.084703 0.162376
-0.941153 1.032482 0.433916
0.662821 0.792998 -1.911972
0.251222 -0.080013 -2.228609
-0.200443 -1.294173 0.464565
-0.783058 -1.398328 -0.371932
2.414542 -0.859514 0.350733
2.346610 -0.086832 -0.326073
0.753377 -0.713080 -1.975633
-0.246832 -0.962432 -1.835108
-1.432410 0.549154 1.830807
-0.909430 1.377956 1.562433
0.755916 -1.444947 -1.555542
-0.112489 -1.764022 -1.094553
1.013028 1.616460 1.144081
0.516749 0.952888 1.740056
-0.639198 -0.044800 -2.332606
0.161379 -0.661660 -2.322579
0.157987 -0.248625 1.467679
0.247809 0.732865 1.112351
-0.482372 -1.936274 -0.386236
-0.996795 -1.173862 -0.833408
0.464331 0.382774 0.650324
0.179044 -0.579044 0.350656
0.380968 0.580637 1.863630
1.378834 0.741091 1.806399
-0.463013 -0.925720 0.835904
0.007178 -1.515980 0.138729
0.649365 -0.644656 0.746999
1.585417 -1.031395 0.793029
1.281198 1.551486 -1.188785
0.846973 0.823471 -1.748082
0.416697 1.428869 -1.680139
-0.312060 0.768283 -1.962088
-0.597663 -0.474209 -0.921206
-0.330905 0.501836 -1.132380
0.691700 2.785610 0.718600
-0.302730 2.633525 0.819835
-0.823943 0.746720 -1.953377
-1.657933 1.065528 -1.467995
2.071221 0.690000 -1.672951
1.201474 0.200963 -1.862962
0.458217 -2.753938 0.048403
1.316743 -2.367506 0.428070
-0.372459 -0.740853 -0.762946
-0.121276 0.198707 -1.148986
0.938061 2.381907 0.299633
1.792647 1.990959 -0.070132
1.253966 0.147062 -0.104220
0.883381 0.999218 -0.532298
0.062911 -0.443784 1.200104
1.089678 -0.256606 1.340709
1.296758 0.520528 2.149106
0.398301 0.114153 2.357258
-1.078467 0.316165 -0.670360
-0.413576 -0.309766 -1.175054
0.062875 -0.763385 -1.267040
0.594565 0.121305 -1.291283
0.982017 -0.561161 -1.551822
1.795491 -1.010820 -1.181074
-1.211011 -0.533440 0.856540
-0.855964 0.428904 0.977995
1.611132 -1.066657 1.560430
0.894558 -1.640677 1.139613
-1.327942 0.320481 -1.280306
-0.963795 1.243464 -1.068495
2.263741 -0.727682 -0.767444
2.211586 -1.301399 0.066530
2.673964 1.214738 0.635055
1.961557 1.867526 0.343281
-0.069071 0.217262 0.586823
0.363485 0.430969 -0.354028
-0.596354 -2.697273 0.391993
0.269996 -2.802400 -0.137951
0.042077 -2.270141 -0.624555
-0.559232 -1.626803 -1.166012
1.048935 0.787711 -0.727139
1.055816 -0.249156 -0.744797
-0.688395 -0.761040 -1.404448
-0.200469 -1.587606 -1.081659
-0.060551 -2.021583 -0.687880
-0.663302 -1.413991 -1.285410
-0.693894 -0.186323 -0.835034
-0.466545 0.622748 -1.423860
1.443756 -1.460581 -0.087705
1.467356 -0.593431 0.474502
0.276279 -0.909385 -1.399297
0.739799 -1.634211 -0.852362
1.814009 1.289094 0.753908
1.592866 1.908755 -0.017040
-1.540044 -0.457838 0.573813
-1.333535 -1.319727 0.057831
-2.309657 0.859014 -0.740041
-2.135137 -0.133153 -0.957034
-0.687329 0.815870 0.386651
0.089892 0.929032 -0.293032
0.292203 -1.688134 -0.304410
-0.211611 -1.147141 -1.024188
-1.749232 0.609609 1.323599
-1.581760 1.557896 1.006565
-0.741824 1.759864 -1.426414
-0.107757 1.007834 -1.727316
-1.844799 -1.999443 1.073953
-2.559107 -1.313970 0.880075
-2.513593 1.625778 1.320540
-1.644436 1.641671 1.819013
0.785129 -0.199971 -2.032731
-0.134237 -0.546970 -1.736317
2.063415 0.272758 1.880600
1.290019 -0.336093 2.112556
-1.056715 0.199088 -0.033044
-0.772240 1.125666 -0.369467
0.476776 -0.887530 -1.857871
0.277893 0.120825 -1.767082
-1.201954 -0.153652 0.872349
-0.616705 0.415276 0.221313
-1.794859 -0.361714 -1.931345
-0.837862 -0.152660 -1.673872
-0.279912 -1.083387 0.314705
-0.023443 -0.580074 1.171482
3.091558 -0.260015 0.972714
3.165853 -0.962304 0.261096
-1.207059 0.361408 -1.705175
-0.739319 -0.580863 -1.659406
-2.424797 -0.724692 1.589581
-1.773363 -1.447946 1.308343
1.465590 -0.884218 1.754079
0.921375 -0.092337 2.065128
-2.259027 0.897409 1.368779
-1.813322 1.731984 1.007349
-1.102892 -0.348961 -1.886902
-0.190691 0.105836 -1.726783
0.752415 -2.375356 0.950170
-0.231834 -2.235718 1.149772
0.571249 -2.043829 -0.947632
-0.406821 -1.899706 -1.143075
0.113615 -1.837136 -1.033381
-0.470093 -1.194259 -1.581562
2.013136 1.403731 0.882463
2.020394 0.389506 1.063773
-3.252944 -0.346867 -1.088727
-2.962580 -1.169793 -0.584915
-1.176027 0.469972 -0.376293
-1.229829 1.236265 0.296161
0.196580 -1.339047 0.850420
0.501219 -0.410793 1.186819
-1.497899 0.816602 1.659877
-0.568708 0.385601 1.710725
1.883316 0.975030 1.941964
0.880280 0.877599 1.796081
0.533825 -0.830593 -1.284209
0.254036 0.062970 -1.709078
1.326648 0.146445 1.506999
1.170619 1.129554 1.334727
0.880388 0.466475 1.380255
0.252141 -0.324480 1.333416
2.544638 1.306410 1.265747
1.998639 2.090905 0.935915
-2.373349 -0.097859 2.062841
-1.400138 -0.319259 2.190259
0.322871 0.817996 -1.201085
-0.233460 0.001573 -1.545108
-0.775754 0.472724 -0.404851
-0.911333 -0.121529 0.428770
0.173275 -1.047427 -0.119558
-0.273015 -1.129419 0.803371
-1.086577 -1.754210 -0.148047
-0.717142 -1.126440 -0.888815
-0.115683 0.665842 -1.343565
0.172640 1.563125 -0.966596
0.385929 -0.669010 -1.883261
1.395212 -0.688354 -1.859145
0.411107 1.420246 -1.643431
1.294855 1.596331 -1.170522
0.499392 1.280780 -0.900790
0.090194 1.553367 0.020440
0.200708 0.291043 1.306384
-0.523534 0.963992 1.531544
2.486873 0.974817 0.030476
1.748706 1.338803 0.643125
-0.523958 -1.058834 1.473939
0.164112 -1.673617 1.055445
3.026640 1.243877 -0.811978
2.262150 1.874512 -0.976986
-2.135711 -0.638361 -0.968582
-2.522256 -0.237903 -0.109844
-1.211124 0.638280 -1.896466
-0.709218 1.498857 -1.708458
0.077098 0.911031 -0.345713
-0.228100 0.056086 -0.868812
-1.372951 -1.205414 2.122705
-0.445959 -1.584889 1.977718
-1.140857 -1.170178 -0.956126
-0.379896 -1.485803 -0.350622
-1.279727 1.160998 0.687941
-0.456512 1.402959 1.233102
-0.876518 -0.931602 -0.021217
-0.344654 -0.734586 -0.869200
-0.597944 -0.751349 -1.166866
-0.976763 -1.434082 -0.509844
1.515239 -0.645393 0.311634
1.110293 0.308271 0.216090
-0.849834 -0.928016 -1.762977
-1.586656 -1.406672 -1.264558
-0.798990 0.013155 -1.281661
-1.118260 0.964363 -1.404884
-1.139968 -0.654740 1.973818
-0.304713 -1.240240 1.920355
-0.473387 -1.770412 -1.514248
0.530191 -1.646956 -1.519160
-0.115595 -1.379692 -0.946650
-0.536423 -0.513074 -1.321367
0.470424 -0.305494 -2.105325
-0.066089 0.525667 -1.830901
-1.249569 0.296412 0.606421
-1.109518 1.261962 0.326174
-0.923254 -0.256062 -2.297455
-0.313310 0.533745 -2.024746
-0.879970 -2.480221 0.436483
0.124209 -2.504879 0.347838
-1.468927 1.763381 0.412928
-1.983683 1.272852 -0.298697
0.374421 -0.880431 0.831952
0.240554 0.129547 1.146043
-0.611499 -1.075457 -0.652419
-0.346487 -0.117240 -1.017135
-1.257841 0.131522 0.900103
-0.563682 0.602746 0.310250
2.982007 -1.702547 0.211189
3.463428 -0.862017 -0.070979
-1.478263 -0.785453 0.759152
-0.794179 -0.851468 0.008912
1.827461 -0.527326 -1.743344
1.931652 -1.456131 -1.366900
1.579801 1.665636 -1.082228
1.296802 2.240929 -0.300603
0.218858 -1.577965 0.627430
0.773076 -1.362095 -0.201260
1.312229 0.989103 1.701901
0.454146 0.443840 1.787805
-0.797179 -0.807802 -0.652356
-0.874975 -1.781015 -0.382377
-0.917373 1.597907 -0.563848
-1.375294 0.762695 -0.149195
-1.417034 -0.605472 2.187341
-0.460363 -0.356376 2.423936
1.658927 0.876203 1.836334
1.044010 1.618339 1.514324
-0.801790 -0.905604 -0.217546
-0.417040 -0.532808 -1.087072
0.473462 -1.644250 1.242951
1.018898 -0.770130 1.120995
0.583808 1.535926 1.536787
0.078577 0.703786 1.829933
-2.237277 -0.595349 -1.718564
-1.949862 -1.454843 -1.272342
0.779128 0.816634 1.304527
1.740841 0.507569 1.202116
-1.548116 -1.092889 1.137834
-0.984694 -1.376755 0.323501
0.626274 -2.140620 2.079074
1.135934 -1.277178 2.216308
1.389831 1.341011 -0.131071
0.731441 1.395683 0.673511
2.190559 -0.304374 -1.296117
2.494448 -1.034197 -0.665577
0.706902 0.543904 -1.806283
0.247503 1.358794 -1.354739
-1.477031 1.312313 1.098616
-0.744195 1.735258 0.547366
-0.234318 -0.650988 -1.351714
-0.615846 -1.474196 -0.910483
1.435967 -0.552498 -1.937884
1.787955 0.359786 -1.678737
-1.372366 -2.507174 0.839110
-0.479931 -2.728210 0.418254
3.193678 -0.240113 0.466168
3.103109 0.494769 -0.206476
-0.957752 0.551938 -0.030372
-0.439948 0.058705 -0.766006
0.940756 0.722857 -2.361318
0.412314 1.448255 -1.892776
-1.417194 0.578719 2.024619
-1.431166 -0.426816 1.887075
-1.416971 -0.581216 2.024496
-1.431162 0.424379 1.887700
1.717901 0.974228 -1.316623
1.125376 0.357758 -1.879032
-2.405782 2.054270 -0.645921
-1.710885 2.039722 -1.373976
0.817188 1.388901 1.179228
0.485839 0.745506 1.901348
-0.523988 1.468334 1.691037
-0.154147 0.578069 2.000713
1.114937 0.761670 1.766217
0.406121 0.040108 1.873376
1.207184 -0.649634 1.569528
0.215264 -0.414988 1.503717
-1.269699 0.988561 -0.079568
-0.592775 0.850994 0.691402
0.685805 1.080791 1.241969
0.334844 1.803292 0.624737
2.249756 -0.280748 2.030453
1.913628 0.667944 2.067210
-1.021082 0.757869 -1.635934
-0.040504 0.449037 -1.743725
1.901652 1.904979 0.397457
1.376303 1.692290 1.227155
-1.564657 0.361392 0.872897
-1.206536 1.278573 0.620494
1.102918 -1.943902 -1.241941
0.191735 -1.571243 -1.502140
0.657677 0.278736 -1.398720
0.468462 1.091147 -0.779785
2.391031 0.655269 -2.017171
2.118537 1.576657 -1.737330
1.045118 0.320327 0.870492
1.063411 0.363769 -0.191031
2.001001 -2.166928 0.744988
1.273217 -2.474720 0.134554
-1.466327 -1.460748 -1.210091
-0.857837 -0.683604 -1.497850
1.559382 0.182901 -1.560349
1.583902 1.061994 -1.000928
-1.090660 0.873297 0.449206
-0.316331 0.518866 -0.135733
-0.773422 0.497049 -0.905332
-0.605638 1.487730 -1.042903
-1.276604 -1.414392 -1.373783
-2.125457 -1.366467 -0.815016
