[ -1.975007, -1.618979, 0.805457, 12.011],
[ -3.359327, -1.745940, 0.826558, 12.011],
[ -4.121979, -1.527171, -0.324255, 12.011],
[ -3.460980, -1.192938, -1.508517, 12.011],
[ -2.074651, -1.063603, -1.542233, 12.011],
[ -1.282594, -1.263220, -0.380684, 12.011]
H -1.389524 -1.793393 1.702156
H -3.853313 -2.016592 1.754967
H -5.200703 -1.626690 -0.301308
H -4.032169 -1.033528 -2.418290
H -1.569961 -0.819327 -2.471463
O 0.021386 -1.104575 -0.392775
H 0.612734 0.017669 -1.275687
N 3.778825 0.076406 -1.057956
C 3.982100 0.847384 0.179362
[ 4.637248, 0.030328, -1.597380, 1.007],
[ 3.496976, -0.891178, -0.839436, 1.007],
[ 4.712332, 0.402068, 0.868062, 1.007],
[ 3.029777, 0.936647, 0.708189, 1.007],
[ 4.318397, 1.859113, -0.063853, 1.007],
N 0.802419 0.360220 2.094033
C 1.692994 -0.354495 3.014586
[ 0.586984, -0.221435, 1.276278, 1.007],
[ -0.087802, 0.536023, 2.550265, 1.007],
[ 1.314229, -1.332992, 3.345741, 1.007],
[ 1.877725, 0.254093, 3.904347, 1.007],
[ 2.658233, -0.520927, 2.530343, 1.007],
N -2.663343 1.988481 0.185479
C -3.029034 1.800852 1.596307
[ -2.651799, 1.087622, -0.287496, 1.007],
[ -3.365781, 2.548973, -0.287069, 1.007],
[ -4.017085, 1.347637, 1.748980, 1.007],
[ -2.999556, 2.762994, 2.115352, 1.007],
[ -2.295803, 1.141213, 2.063899, 1.007]
N 0.345199 2.771168 0.170452
C 0.715361 4.181095 0.324169
[ 0.682838, 2.210747, 0.957945, 1.007],
[ -0.674975, 2.654131, 0.154050, 1.007],
[ 0.326037, 4.647677, 1.240115, 1.007],
[ 0.342647, 4.757626, -0.527243, 1.007],
[ 1.804589, 4.281439, 0.336654, 1.007]
N 2.486324 -2.630629 -0.474366
C 2.774580 -3.410809 0.735743
[ 2.503848, -3.237236, -1.288827, 1.007],
[ 1.540398, -2.234961, -0.425329, 1.007],
[ 2.080578, -4.244929, 0.912082, 1.007],
[ 2.726259, -2.752455, 1.605731, 1.007],
[ 3.788935, -3.817975, 0.688197, 1.007]
N 1.112778 0.854945 -1.746187
C 0.670745 1.061986 -3.137281
[ 2.137797, 0.649276, -1.679256, 1.007],
[ 0.893288, 1.689096, -1.131045, 1.007],
[ 1.227326, 1.881150, -3.595990, 1.007],
[ -0.392542, 1.303328, -3.149446, 1.007],
[ 0.832093, 0.152267, -3.717495, 1.007]