1.009091198622305 1
1.5455282761515559 1
1.5537123772986428 1
1.5531037926069202 1
1.543962702157018 1
1.543437053861932 1
1.5249063164679988 1
1.054153383326639 1
1.0307207804177618 1
1.0632093780662395 1
1.056069240681216 1
1.0551114451838726 1
1.067803488343244 1
1.0315192549972103 1
1.0314281401561625 1
1.5433411099549577 1
1.5662889252816672 1
1.0301987494629374 1
1.0613825352360007 1
1.043950349716882 1
1.0517858908661022 1
1.0518773079066779 1
1.052887448737518 1
1.0411568819375876 1 
1.0546239279174356 1
1.5322240930989828 1
1.0548652642162408 1
1.055467116198321 1
1.043910011370712 1
1.046608406863331 1
1.0328461723930626 1
1.0402799131512632 1
1.0459990930756107 1
1.0435098244079928 1
1.038582557607242 1
1.0340974786242347 1
1.0137649249056706 1
1.0109061637011616 1
1.0581898476993623 1
1.5430473951272528 1
1.0524526978306437 1
1.023872106764805 1
1.0532878944058932 1
1.056200855768447 1
1.0375861666314756 1
1.057710891636273 1
1.055084823648317 1
1.0383816200020106 1 
1.0501716980975062 1
1.0357166138321816 1
1.0265211013617792 1
1.0743181857992539 1
1.0396393286847125 1
1.0220900453824995 1
1.014174796437478 1
1.0141929689334273 1
1.0598146925094973 1
1.0431067073056333 1
1.031800092735022 1
1.038148387311756 1
1.0520971073142442 1
1.0459978315933547 1
1.0471339811643017 1
1.0529069555302595 1 
1.5686079573577332 1
1.045840398059857 1
1.0218521926110449 1
1.0542751608726255 1
1.046159819676229 1
1.0095235596933834 1
1.0517115750518293 1
1.0507145025405331 1
1.0361979748643595 1
1.5310593870947657 1
1.0593686826846451 1
1.010171747518708 1
1.0533159578820592 1
1.008929329413116 1
1.0403767561974842 1
1.0304346818629504 1
1.0496057705929402 1
1.049347943902784 1
1.049834719434445 1
1.0809607521765072 1
1.0181529741350264 1
1.0528913562908568 1
1.0192329307856962 1
1.0325190356225884 1
1.011284782472771 1
1.018367089137311 1
1.0544226159135626 1
1.024126919425029 1
1.0193603107208953 1
1.0530096677072818 1
1.026456401808182 1
1.0148614954110735 1
1.0368511856775784 1
1.0345631846610435 1
1.0532726607726035 1 
1.0389170395695702 1
1.0152897576647761 1
1.0108609604846752 1
1.018095514625715 1
1.0142169389686804 1
1.0132439116229617 1
1.014180994076008 1
1.051338395056511 1
1.0184105729498294 1
1.0124203053124725 1
1.048028755645092 1
1.016883649011036 1 
1.0164277287628471 1
1.0161453552366413 1
1.0203299611841259 1
1.0444811200581847 1
1.0415342212087895 1
1.0527394987526593 1
1.0140383971438165 1
1.0181829202913395 1
1.031519538445104 1
1.0216657349725495 1
1.0511659897570889 1
1.025048532330543 1
1.0188683775836798 1
1.0272244303266935 1
1.0218914564556256 1
1.0286970238981934 1
1.0497397785827687 1
1.0353957657847555 1
1.0349719488763935 1
1.0181616277782226 1
1.0329692630911145 1
1.0302325303959297 1
1.0656973731998216 1
1.038004607288908 1 
1.0171513795286324 1 
1.0408556909399111 1
1.0501246507510429 1
1.0185858471474067 1
1.0328585198143063 1
1.0162354789043728 1
1.046923472993609 1
1.0138064902001762 1
1.0290766903520843 1
1.0436332688454313 1
1.0200832001714368 1
1.0208384597207338 1
1.0053804565342417 1
1.0053695561503737 1
1.0210206617233561 1
1.0396371976502188 1
1.0488426102008825 1
1.0437335624276918 1
1.0350400764516319 1
1.0407708753347205 1
1.0529491100945951 1
1.0153192300577194 1
1.0187322748808934 1
1.0265255897200032 1
1.0520175949826125 1
1.0423305413787893 1
1.0386594278053802 1
1.0179401135435227 1
1.0177342474855604 1
1.0300612357151393 1
1.0089555096261678 1
1.022194890756161 1
1.0142994043663833 1
1.009847404154707 1
1.0208296464097228 1
1.0184782209178553 1
1.0109250025531074 1
1.0097426625621004 1
1.0146535722131962 1
1.0449791599438716 1
1.0280063664564534 1
1.0148172563885578 1
1.0148500351032166 1
1.0201378581784915 1 
1.027810925795693 1
1.0106776413441625 1
1.010592003507845 1
1.0129539213068879 1
1.012722183481235 1
1.0193956510334936 1
1.0076294175846596 1
1.0183340318466234 1
1.0200937990783006 1
1.0234099558422325 1
1.0498482778544718 1
1.0355770878288104 1
1.03017766585672 1
1.0092891776899227 1
1.0148108961589837 1
1.0370676596037502 1
1.023110476661245 1
1.0230862800810105 1
1.0357055117686687 1
1.0189167164881534 1
1.0165776766745371 1