0.215822 -1.395942 -1.976109
0.648518 -0.493053 -2.101929
0.021386 -1.104575 -0.392775
0.612734  0.017669 -1.275687
-0.023032 0.497930 0.553834
-0.545771 -0.791805 -0.137071
0.368900 -0.501168 -1.499973
0.811068 0.868201 -0.915638
-0.197742 0.733391 0.535135
0.292150 -0.096951 -0.670833
0.198550 -0.733191 -0.535315
-0.292167 0.096668 0.669977
-0.267116 -0.514444 -0.016195
-0.086700 0.832624 -0.707713
0.152308 0.209798 -1.642870
-0.507785 0.971639 -1.334463
-0.225176 -1.125484 1.679108
-0.745788 -0.236124 1.698787
0.389293 -0.593958 -1.171620
0.482635 0.460154 -1.274330
0.351476 -0.583399 -1.087618
-0.236574 0.284594 -1.214376
0.031675 -1.188212 -0.855714
0.614720 -0.367365 -1.171196
0.366945 -0.571979 1.153372
0.528511 0.470432 0.987601
0.716581 0.974740 -2.095421
-0.286610 1.169765 -1.955403
-0.714519 -0.980517 -2.093449
0.288873 -1.173786 -1.953108
-0.044046 -0.435131 0.961832
-0.716584 0.431777 -0.123555
0.507911 0.944762 -0.477755
0.141907 -0.429176 0.179205
1.218641 1.039858 1.580534
0.354946 0.498817 1.730917
0.252614 -0.970710 0.580587
0.578912 0.020318 0.775333
-0.480887 -0.872031 1.486194
0.183662 -0.077778 1.617986
-0.068743 0.743024 1.502063
0.281529 -0.248255 1.532543
0.067841 0.743272 -1.501966
-0.281662 -0.248370 -1.532620
-0.326565 -1.055203 -1.302246
-0.726202 -0.100699 -1.107864
-0.443466 0.679598 -1.810736
0.233912 1.299567 -1.320017
-0.089276 -1.178894 0.884360
-0.520050 -0.285140 1.241948
-0.649232 0.815389 0.868538
0.310911 1.224349 -0.253330
0.368276 -1.216316 0.031810
0.745613 -0.375396 -0.481231
0.582202 -0.000099 1.401460
0.554374 0.920185 0.885404
-0.950705 0.036741 -1.802872
-0.188085 0.711165 -1.571980
-0.524698 1.115568 -0.059572
0.052796 0.567268 -0.738731
-1.184859 0.746859 -1.985495
-0.199870 1.052550 -1.929630
-1.055964 -0.133285 -2.080942
-0.238089 -0.762726 -1.950302
0.513609 -0.019296 1.604505
-0.163138 -0.805141 1.468214
0.174015 0.050654 1.409487
0.365911 -0.808684 0.849463
1.266332 0.655279 -1.812780
1.090911 -0.364411 -1.722705
1.155333 0.671242 -2.051727
0.130890 0.811220 -2.034985
0.187321 -0.289702 -2.429741
-0.729167 -0.712291 -2.333889
1.811696 -0.909128 -1.558374
1.549870 -1.766930 -1.091947
0.049568 -1.204295 -0.640858
0.477607 -0.454428 -1.252616
-0.100434 0.494579 0.478292
0.283068 -0.227174 -0.830522
-0.233376 -0.290802 -1.335550
-0.468445 0.596061 -0.819921
-0.571925 -1.714848 -0.320915
-0.089628 -1.562137 0.569244
0.210476 0.473872 -1.199493
0.333909 -0.530306 -0.906566
-0.294595 0.030601 -1.545342
-0.603474 -0.852138 -1.054500
0.509286 1.291147 -1.186643
-0.068578 0.516255 -1.563738
0.152051 -0.606468 1.342698
0.705664 0.293853 1.383772
0.032694 1.110411 -0.992062
-0.475923 0.216501 -1.227514
1.253788 -0.282899 1.485982
0.927291 0.662111 1.205639
-0.408715 -0.882592 -1.604376
-0.963405 -0.007173 -1.434608
-1.167206 -0.949497 1.411001
-1.594948 -0.035337 1.178499
1.682258 0.229135 -1.896324
0.676587 0.403511 -1.786942
0.689456 -0.804584 0.208081
0.774923 0.203321 -0.153834
-0.311000 0.491154 1.545135
0.094100 -0.450228 1.370367
-0.668639 -2.083355 -1.055963
0.335664 -2.063261 -1.244748
2.336613 1.107967 -1.060053
1.504541 1.625959 -1.320612
2.336534 1.107488 -1.060429
1.504446 1.625357 -1.321252
-0.514203 -0.054328 -1.149003
-0.424182 -1.077985 -0.889716
0.977387 -0.383041 -1.598812
0.690632 0.619358 -1.631052
0.764006 -0.092656 -1.816262
0.077500 -0.753930 -1.421246
0.421556 1.056634 1.361860
-0.180327 1.690201 0.801430
-0.847377 0.178726 1.291131
-0.867860 -0.517891 0.502960
-1.167055 0.265371 0.771557
-0.561807 -0.587292 0.798982
-0.727085 0.890290 -0.302209
-0.112432 0.558076 0.477743
0.646539 -0.526339 1.196031
0.408897 0.483635 1.375173
-0.175520 0.297805 0.177239
0.465793 -0.809136 -0.730467
0.808130 -1.301533 -1.183440
-0.089767 -0.895462 -1.533682
-1.436834 1.884131 -1.084338
-0.599198 1.795213 -1.662820
0.762751 1.106095 0.285340
1.080265 0.393741 -0.424049
0.189681 0.535045 -1.502319
-0.370748 -0.344485 -1.419877
1.832865 -0.600954 -1.899602
2.503123 0.026480 -1.479818
0.367517 -1.030297 0.121373
-0.160782 -0.713376 -0.731011
0.622281 -1.909574 -1.177633
-0.141541 -2.082447 -0.477139
0.673238 -0.713989 -2.183121
-0.337570 -0.736049 -1.956214
0.577225 -0.527834 -0.585946
0.060740 0.901685 -0.401931
0.440814 -0.527069 0.842427
0.895801 0.324403 0.406257
1.243709 2.195644 -0.902822
0.273313 2.255754 -1.176985
-0.632262 -0.056057 -1.170536
-0.342764 0.776798 -0.594326
2.245212 -0.907428 1.584333
1.634337 -1.694583 1.425723
0.196017 -1.042582 -1.745571
0.272097 -0.013242 -1.614977
1.209692 0.806357 1.304897
0.368521 0.272248 1.567489
0.465395 0.264278 -1.652861
-0.273832 -0.455705 -1.460923
-0.901168 -0.403255 0.326981
-0.350693 -0.207427 -0.544661
0.049745 0.028468 0.397386
0.504585 0.408191 -0.469265
0.800962 0.839454 0.080640
0.844406 -0.187217 -0.254823
1.169015 -0.018067 1.522552
1.090025 0.990605 1.408636
0.397815 -1.070850 -0.046596
0.810091 -0.229624 -0.527166
0.577587 0.867118 1.822694
0.023098 0.033147 2.012088
0.574848 0.648347 1.680551
-0.031083 -0.186452 1.635232
0.977303 -1.194946 -2.033760
0.593049 -2.049925 -1.654212
-0.425284 -0.086516 -2.346138
-0.690146 0.840071 -2.016963
0.872483 0.730709 -0.417711
1.073408 -0.012037 0.303236
-0.126381 -1.707503 -1.704743
-0.335212 -0.754424 -2.015976
2.005018 1.862899 -0.275624
1.339653 1.989221 -1.037482
-0.917275 -0.103641 -1.498401
-0.317535 0.753585 -1.378798
1.092017 1.315943 1.072280
0.361110 0.674373 1.400572
-1.023177 0.194738 -2.223611
-0.286233 0.736454 -1.783837
-0.062133 1.547544 1.150058
-0.378447 0.583535 1.363816
0.411589 1.571550 -1.200893
-0.179715 0.832822 -1.619177
-0.881658 -1.062449 -0.940193
-0.224617 -0.351330 -1.354910
1.221033 -1.189206 0.637943
0.551397 -0.520732 1.066987