[ -1.627882, -2.436111, -0.924475, 12.011],
[ -2.878809, -2.343260, -0.325467, 12.011],
[ -3.529851, -1.111838, -0.207675, 12.011],
[ -2.923866, 0.046476, -0.704561, 12.011],
[ -1.659418, -0.046416, -1.291576, 12.011],
[ -1.002619, -1.277875, -1.411598, 12.011]
H -1.114836 -3.385497 -1.022182
H -3.355935 -3.241212 0.052702
H -4.512111 -1.057072 0.249485
H -2.580601 0.668519 1.881382
H -1.175279 0.846612 -1.668160
O 0.215822 -1.395942 -1.976109
H 0.648518 -0.493053 -2.101929
N 1.602439 0.914905 -2.204074
C 2.871334 0.530025 -2.847743
[ 1.796453, 1.217126, -1.245395, 1.007],
[ 1.180770, 1.702460, -2.687560, 1.007],
[ 3.601927, 1.346692, -2.901408, 1.007],
[ 2.677538, 0.170720, -3.860989, 1.007],
[ 3.311804, -0.289685, -2.276831, 1.007]
N 3.030744 1.223090 0.530700
C 2.879771 1.297718 1.992734
[ 3.889159, 1.683413, 0.243319, 1.007],
[ 3.092605, 0.235109, 0.255415, 1.007],
[ 3.740270, 0.903893, 2.551857, 1.007],
[ 2.001722, 0.715484, 2.278613, 1.007],
[ 2.707716, 2.331438, 2.301554, 1.007]
N 0.279429 3.025699 0.660949
C -0.240282 3.640635 -0.553734
[ -0.415930, 2.437163, 1.114332, 1.007],
[ 1.104682, 2.463116, 0.471620, 1.007],
[ -0.560966, 2.938749, -1.343776, 1.007],
[ 0.517923, 4.298829, -0.989221, 1.007],
[ -1.104131, 4.268040, -0.312865, 1.007]
N -0.035804 -1.020200 1.831427
C -0.186083 -1.234256 3.272661
[ -0.643251, -1.643763, 1.307689, 1.007],
[ -0.321691, -0.078105, 1.579531, 1.007],
[ -1.214584, -1.124703, 3.650077, 1.007],
[ 0.447999, -0.527733, 3.815013, 1.007],
[ 0.154890, -2.240234, 3.531112, 1.007]
N -2.095147 1.459381 2.295850
C -3.627465 1.382553 -0.651382
[ -1.916087, 1.238250, 3.270192, 1.007],
[ -2.728885, 2.252196, 2.277581, 1.007],
[ -4.446532, 1.376367, 0.072024, 1.007],
[ -4.055445, 1.631645, -1.627872, 1.007],
[ -2.935112, 2.184746, -0.385115, 1.007]
N 2.507104 -1.735956 0.132409
C 3.383454 -2.781310 0.667604
[ 2.047993, -2.042686, -0.720652, 1.007],
[ 1.745155, -1.532785, 0.786314, 1.007],
[ 2.876767, -3.731613, 0.894927, 1.007],
[ 3.851653, -2.426654, 1.590544, 1.007],
[ 4.188191, -2.994701, -0.042020, 1.007]